524357 524001 524178 523871 524220 524117 524257 524232 524828 524845 524477 523963 523947 524172 524397 524935 523178 524519 524340 524317 524247 524900 524227 524307 524481 523811 524782 524815 524121 523773 524403 524266 524185 524282 524071 524598 524791 522493 524256 524699 524423 524058 524242 523975 524811 523780 524993 524689 524021 524406 524053 524127 524741 524621 524241 524420 524388 524334 524060 523847 525038 524741 524794 523465 
524309 523935 523893 523169 523586 523593 524076 524433 523552 525750 524100 524402 523977 524011 525067 523531 525164 524503 523907 525455 524533 524354 525026 524727 523895 523821 523609 525595 523746 524273 524628 523990 523735 524226 524328 523791 524605 524703 523735 524923 524094 523957 524622 524235 524040 523802 523742 524351 524312 523296 523350 524441 524628 523754 524327 523414 524310 524149 523350 523875 523656 523584 524160 524435 
524256 524364 524061 523582 524131 524127 523705 523232 524573 523338 524597 523958 524700 524068 524599 523558 523691 524667 524125 524544 523939 523723 525108 524243 524503 523914 524371 525130 524818 524095 523856 523288 524295 524904 524287 524324 523751 524478 524355 523725 524523 523452 524859 524300 524460 523921 524066 524876 524262 524702 523428 524457 524276 523549 524021 523818 523424 525357 524804 524690 524840 523975 523795 524996 
524640 524037 523686 525354 523938 523801 523665 523580 524446 524451 525592 524443 523594 523590 523587 524156 523074 524117 524798 524195 524441 525630 524410 524815 523901 524488 524586 524776 524716 524305 523775 524776 524068 524563 524960 523698 524514 523127 522839 523238 524511 524818 525137 524388 523825 523919 523473 525073 524262 524262 523262 523862 524395 524946 524018 523541 524245 523680 523758 524018 524368 524058 524619 524248 
524636 524554 524780 523281 524463 523516 524609 523656 524031 524235 525028 524052 523566 524916 524390 524647 524416 523760 523751 523861 523573 525407 523234 523876 524423 524096 524343 525077 523703 524664 523466 523720 524095 523126 524308 524344 525094 524480 524426 524165 524857 523484 524709 524391 524302 524577 523636 524451 524002 524643 523977 524300 524274 523528 524799 523506 524380 525133 524859 524204 524867 525083 524363 525248 
524252 525341 524332 524943 524463 523574 524656 524069 523921 524046 525399 524134 524567 523100 524648 524002 523945 523981 523027 524836 523931 523575 524674 524264 524200 524810 523653 523644 524176 524309 523736 524048 524405 524179 524262 524616 524612 524588 524962 524881 524386 524097 523414 524287 524340 524153 523865 524296 525161 523902 523881 524923 523796 524736 524216 525084 524261 523531 524531 524786 523169 524228 523710 524725 
523950 523965 524095 524487 524006 524304 524564 524325 524354 524685 523517 524122 523839 524708 524631 523984 524289 524633 523829 524252 523995 524566 524103 524443 524548 523720 523922 524904 523654 524780 524602 524033 523998 523683 524344 523737 523854 524735 523748 524892 524724 524621 524161 524119 524764 524308 523934 524226 524179 524123 523891 524167 524650 523885 525831 524294 524242 524022 523917 523781 524297 524184 523480 524400 
525458 524035 523197 523826 523405 523599 524552 524430 524545 523769 524806 523561 523941 524286 524542 523762 524667 523558 524467 523748 524472 523605 524451 525203 523792 524579 523313 524681 523835 524407 524031 523385 524118 524143 523730 523830 523547 524771 524567 524279 524087 524195 523727 523666 523415 524125 524957 524582 524479 523745 522675 524495 524500 525352 524520 524200 524528 524648 524156 524552 524616 523442 524605 524209 
524337 524937 524327 524023 524334 523359 524800 524807 523783 524461 523868 524582 524600 524038 523721 524026 524486 524043 523992 523953 523191 523894 524786 524382 524464 523478 524439 523435 523882 524094 524052 524460 524194 523683 523369 523977 523985 524280 523180 524032 525411 524747 524247 524762 524903 524092 524233 524658 524458 523540 524021 523353 524353 523584 523720 524418 524357 524249 524831 523686 524329 523979 524677 524161 
524580 524219 524428 524834 523877 523724 523764 524197 524715 524366 524421 524476 524049 523545 524099 524301 524798 524000 524510 525183 524227 524577 524378 524792 524645 523619 524362 525742 523892 524061 524646 524642 524998 524122 524950 525234 524360 525115 524790 524892 523958 525024 524201 524237 524035 524852 523622 523920 524284 523877 524698 523901 525235 524108 524569 525440 525020 524326 524338 525239 524610 523076 524098 524776 
524984 524772 524269 524668 523736 523745 523772 524744 524710 523990 524233 524436 524438 524281 524377 524264 524749 524546 524062 524315 523174 523571 524033 524096 523761 523456 523801 524007 524108 525044 524232 524462 523831 524923 524675 523567 523769 524992 524194 524516 523862 523617 523154 523476 524346 524731 524387 523105 524579 524518 524487 524099 524974 524478 524851 524422 523684 524656 524826 523801 523868 524759 525472 525504 
524666 524778 524069 524315 524032 523907 523847 524475 524393 524393 525103 523591 524818 523725 524750 524677 525055 524345 525311 524482 525047 523814 524671 523816 524920 523608 525014 524004 524986 524023 524743 524575 523745 523869 524929 523693 525665 523703 524637 524356 524180 525221 524654 524606 524401 523724 524079 524260 524138 524194 524431 525268 524407 524602 524305 524170 524398 525154 524290 524304 524204 523977 523018 524158 
525219 523536 523378 524612 524031 524223 524675 525090 524175 523631 524045 524614 524384 524317 524601 523951 524429 525222 524369 524109 524338 524054 524199 523713 523787 524089 524979 524931 524450 523686 525404 525178 524920 524626 523751 523815 524285 524124 523906 524156 523627 524112 524174 523807 523336 523196 523927 524497 525447 525512 523408 524088 523826 524052 524978 524504 523911 524023 524217 523618 524441 525015 524410 524187 
524713 525010 524203 524051 523753 522837 524931 525460 523918 524629 524570 523379 523607 523137 524731 524720 524990 524403 524492 525133 525571 524245 524410 524021 523301 524211 525220 524282 523710 525116 524300 524998 525066 524541 523530 524160 524625 523249 525056 523728 524609 525279 523532 523503 525161 524566 524425 524127 523773 524048 525040 523930 524978 525198 524823 524473 524317 525096 524321 523881 524290 523616 523849 524902 
524223 524337 524263 523510 524392 524377 524437 524155 523486 523731 524819 523974 523992 523802 524478 524281 524203 524411 524526 523810 524926 523910 524348 523930 523065 523792 523853 524447 525077 524236 524066 524550 524462 523104 523412 524917 523397 524274 524907 524372 523935 523997 524680 524945 524439 524384 523274 524178 524311 523752 523464 524468 523718 524775 524597 524715 523837 524514 523773 524228 524698 524867 524340 524064 
524549 523560 524152 525029 525304 524097 524003 523548 523670 524727 524240 524575 523485 524592 522997 524164 524069 523503 523397 524142 524394 523354 523928 525218 524468 525011 524315 523828 523345 523644 524145 524230 523883 523387 523447 524897 524471 524123 524111 524003 524079 524793 523999 524176 524481 524530 524255 524905 524367 523864 524655 525069 523446 524365 523439 524643 523720 524790 524434 524690 523774 523831 524642 525109 
523947 524476 525375 523709 524644 523818 524378 524005 524269 523726 524342 523708 523960 523957 524698 524620 523659 524954 523676 523896 523452 523632 523340 523901 523939 524077 525132 524574 524901 524817 524352 524377 524212 523859 524572 524461 524080 524370 525066 524756 523991 523764 524070 524802 525029 524516 523474 525325 524335 525154 523942 524883 524544 523749 524613 523851 523883 525002 524559 523618 524571 524376 524074 524231 
525278 524007 523824 524593 523602 523576 523381 523529 524416 523253 524716 523833 523323 523730 524873 525216 525050 523830 524218 523736 524278 524164 524683 524390 524839 524653 524411 524240 525287 523965 524585 524363 523806 523723 524615 524327 524459 523109 524810 523598 524054 523984 524244 524341 524458 524972 523669 524123 523811 524600 523957 523228 524164 524132 523848 525621 524457 524513 523574 524025 524678 525096 524903 523478 
523207 524103 524618 523355 524821 523818 525017 524940 524908 524670 524843 524183 524254 523773 524049 524641 524089 524980 524536 523745 524745 524610 523944 523211 524111 524565 524329 523889 524195 523413 524702 524774 523975 525214 524266 522957 523292 523964 523622 524349 524156 524740 524531 524919 524495 524881 524593 524744 523842 523677 524157 523917 523933 523140 523657 524634 524384 524594 523981 524690 524352 524151 524858 523956 
524193 523803 525306 524710 524018 523278 523471 523142 524381 524343 523595 524150 524648 523909 524391 523351 522672 524697 524317 523899 523460 523293 523432 523213 524590 524608 524182 524831 524550 523894 524440 524481 523357 525140 524095 524437 523714 524106 523962 524330 524102 524490 523904 524032 524370 523819 523620 524698 523352 524564 524872 523930 524725 524831 523627 523693 524647 525855 523766 525204 524337 524202 525015 523948 
524693 524409 524457 524505 524735 524213 524258 524386 524130 524002 523801 524148 524523 524553 525033 524113 523915 524610 524008 524327 523654 524452 524147 524084 524811 523981 524366 525051 523865 523420 524540 523817 524110 524354 523780 524503 523042 523691 524505 525574 525781 524133 523213 524438 524436 524118 523614 523807 524413 524834 524181 524633 524067 524341 523989 525525 524819 523805 522817 524428 524217 524414 524042 523880 
524539 524450 525289 524119 524057 523104 525385 524337 524139 524749 524143 524561 524428 524686 523523 524023 524662 523961 525969 524188 523924 523792 524211 523043 524749 524340 524153 523921 524663 524788 525151 524287 523690 524886 523982 524877 523850 524175 523939 524428 523925 524766 524675 523875 524112 524549 524399 524221 524923 523304 523373 524735 524524 523534 524098 524112 524407 524176 524129 523961 523636 523583 524177 525134 
523326 523634 524436 524108 524000 525290 524246 523738 524777 524009 523784 523439 524924 525132 524401 524484 523265 523451 523771 525161 523337 524722 524325 524478 525016 524892 523575 524368 524586 524061 524523 523930 523667 523374 523752 524274 524265 523718 524786 524174 524300 524202 524436 524307 524323 523692 523666 524633 524012 524233 524073 524900 523434 524334 524690 523684 524803 524428 524761 524292 524706 523732 524030 524152 
523807 523634 523842 523229 524206 525321 524067 523916 524549 524372 524451 524407 523978 523136 524625 524864 524667 522204 523634 523895 523831 524771 525670 524115 524734 523453 523616 524081 523295 523925 524437 523058 524718 524050 524652 523898 524126 523916 524244 523584 524074 524809 524016 523983 524324 524776 524224 523752 524200 524317 524394 524216 523982 523967 524270 524641 523976 524623 524495 525540 524750 524115 523686 524178 
524787 524737 524037 523733 525261 523964 523730 524983 524415 524422 524933 524003 524119 524109 524622 523391 523517 524053 523062 524987 524649 524478 523919 523977 524241 524065 524720 523868 524873 523659 524505 524340 524405 524207 524553 526011 524103 524392 524040 524576 523799 524672 524721 523862 524070 524943 523893 523780 524652 524652 524397 523822 523204 523951 524777 524165 523874 524181 524665 525062 523495 523798 523583 524240 
523807 524403 524931 524722 524192 524937 524208 523391 525244 524028 524854 524975 523284 524243 524967 524683 524450 524652 524275 523683 524003 524232 524373 523699 525557 524830 524334 524512 524082 524102 524743 524061 524004 524325 524232 524687 524656 524062 523308 524394 524776 524672 524637 524043 524100 524703 523334 525272 524304 524481 523400 524106 524167 524280 524219 523478 524602 524305 524248 523939 524838 523587 523570 524077 
524454 523003 523225 524190 524161 524239 523194 523910 523821 524191 524865 523922 523715 524494 524567 523480 524512 523659 524017 523779 524257 525330 523877 523119 524065 525026 524386 525089 524475 523980 524365 524473 524779 523969 524120 524844 523823 523565 524157 523454 524732 524433 523471 524760 524089 524536 524173 524075 524570 522359 524794 525570 524099 524494 524565 524318 523691 524129 524716 524572 524618 524123 523378 524283 
524409 524948 524307 525049 524721 523697 524250 523641 524235 523172 523114 524553 524299 524408 524335 524734 524459 524528 525037 523749 524815 525064 523654 524267 524021 523379 523568 525161 523593 524135 523539 524545 524268 524468 525250 523921 524184 523844 523832 523632 523879 524035 524064 524607 523714 524752 524541 524559 524688 523881 525212 524669 524751 524528 524190 523612 524623 523865 524148 524090 523360 523765 523754 523648 
524153 524111 523681 524455 523664 523790 524444 524537 524123 524106 523422 523420 524671 524126 524255 524436 524327 524715 524778 523698 524251 524185 525105 523945 524206 523453 522963 524598 524068 524195 525469 524036 523779 525083 524255 524555 525032 523936 523925 524255 524438 524168 524334 523695 524519 524645 524698 524694 524383 524034 525050 524262 524898 525324 524499 523782 524267 523495 524853 523873 524193 524248 524028 524208 
523281 525174 523996 523964 523647 525232 524057 524134 525098 524916 523818 524658 524520 524438 524182 524146 524017 523902 524181 524998 523365 524278 524421 523858 524489 523577 523298 524090 522541 524190 524405 523690 523925 524085 525013 524012 525169 524545 524355 524531 524189 524348 523802 524824 523601 524038 523448 523963 523297 523704 523651 524271 524398 525004 523772 524543 524207 523762 525069 525135 523859 523814 524156 523955 
524508 524292 523736 524126 524040 524803 524613 524409 525345 524231 524239 524535 523607 524370 524826 524571 525648 524190 525161 524130 523753 524696 523774 525254 524084 523628 524617 524293 524131 524867 523800 524310 524049 523098 523807 524094 524524 524019 524252 525657 523910 523896 524160 524132 523942 524691 524683 524284 524554 524531 523583 524561 524372 523761 524764 524160 523894 524977 524062 524385 523576 524034 524208 523967 
524052 524798 522911 524169 523745 523868 523752 523974 524643 524425 525371 524329 523412 523501 524170 524442 524564 524871 524623 524055 524701 523637 523717 524276 524590 524381 523834 524945 523649 523529 523702 524279 524381 523792 523948 523693 524357 523974 523577 524091 524613 525129 524448 524770 524603 524660 524279 525007 523860 524195 524105 523630 524354 524313 524212 524735 523746 524112 523875 524814 524012 524362 524456 524802 
523444 524424 524818 523073 524605 524726 523175 523815 524483 524680 524119 524368 524692 523609 523297 523865 524210 524130 524691 525428 524930 523209 523685 523672 524386 524574 524701 525077 524113 523917 524511 523741 524944 523409 524214 523532 524948 523843 524314 525082 524055 523769 524445 525065 524451 523461 524407 525104 523717 523778 523876 524233 525018 523768 523832 524372 524492 524201 523954 523842 525239 524431 524215 524118 
524378 523713 523383 525076 524759 524625 524274 525356 524037 523689 523691 523568 524185 523169 523629 524459 525743 523447 523275 524248 523379 523804 524193 524187 524039 524463 524599 523786 524653 524746 523799 523932 522722 524646 524318 524677 524025 524096 523491 523373 525059 524531 523936 523892 523860 524077 524954 524842 524756 524814 524358 523815 524217 524470 523392 523739 523903 524777 524089 524084 524894 525018 523681 524297 
524329 525475 523828 524234 524913 523443 523453 522867 524899 523469 524511 523996 524810 524327 524385 524470 523626 525077 525078 524663 524207 524951 523935 524206 524712 523266 525073 524797 524413 524708 524228 524027 523978 524204 523502 523559 523680 523278 525236 524865 524874 525195 524253 523669 524512 523489 524400 522896 523917 523735 524631 523853 524580 523575 524195 524169 524246 523519 523892 524549 524589 523586 524023 524818 
523344 523718 523662 523985 525020 524341 523332 523645 524406 523756 524496 523823 524584 524302 524456 524882 523334 524386 524462 523744 523413 524088 523378 524005 523636 524242 524174 523565 524916 523462 524767 523707 524245 524763 524123 524192 524056 523164 524340 524304 524400 524364 524672 524235 524719 523602 524328 524159 524229 524902 523917 523955 524111 523521 524519 523028 524170 524401 524395 524507 524401 525350 524522 523873 
524862 524415 524075 522804 524109 524168 524102 524567 523745 523720 524690 523237 524446 524477 524210 524119 524629 524320 524144 524484 523958 523897 524134 524011 524211 524461 524916 524310 524131 523992 524214 523175 524684 523938 524895 523466 523992 524481 523443 523652 524771 523953 524396 523580 524690 524700 523940 523993 525046 523394 523898 524352 523974 524252 524168 525643 524499 525862 523678 524643 523986 524278 524270 523984 
524393 522960 523625 525530 524914 524126 523108 524525 525111 524703 523732 524030 524338 524214 523902 524157 524868 525048 524790 523623 523982 524236 524851 523247 524472 523958 524794 524948 524599 523553 524220 524089 525313 523290 523972 524126 524707 524492 524520 524601 524023 523987 524446 524119 524604 524841 524503 523894 524428 524643 523854 523300 524764 524146 524397 523688 524241 525193 525480 524418 524280 524291 523859 523823 
524753 523133 523334 523993 524086 524351 523607 524421 524439 523910 524454 525259 523984 523853 523716 523710 524283 523685 524658 523301 523730 524109 523832 524954 523437 524904 524519 523563 524086 525090 524794 524439 524576 524051 524033 524949 524364 523959 525110 524276 524267 523415 524302 523254 523121 524429 524339 524378 524603 524283 524736 524364 524728 524548 523898 524380 523476 523527 523648 524502 524760 524892 524041 524588 
524128 523418 523685 523552 523083 524411 523692 523539 523651 524121 524529 524037 524741 524897 524712 523515 523980 523788 523340 524632 523745 524130 524342 524403 524453 524068 523551 524836 523570 524231 523780 524466 523539 524698 524014 523230 523910 524147 524944 525287 524551 523544 524270 524818 524527 523945 524931 524150 523996 523029 523316 524163 524128 524224 524048 525527 524466 523939 525065 524518 524658 524583 523869 524467 
524315 524045 524221 524189 524787 524882 524240 524849 523743 524384 524288 524332 524991 524034 524072 524447 524720 523914 525424 523648 525400 524868 524517 524420 524223 524383 523693 524283 524012 524045 523260 524455 524166 524636 524129 523817 525137 524533 525245 524617 524636 523889 523665 525117 524305 524269 523244 524790 525303 523354 524719 524753 524632 524415 524658 524731 524157 524275 524470 524168 524082 524258 524464 524092 
524049 524438 524784 523833 524780 523652 524508 524464 525922 524334 524738 524675 525028 524338 525737 524041 524406 524729 524214 524805 524463 523940 524781 523668 523928 523860 524794 524194 524524 525040 524675 523812 523935 524577 525009 524919 523997 523792 523817 524771 523961 524364 524009 523854 524721 524223 523767 523891 524561 523223 525341 524389 523787 524320 524531 523974 524246 524398 524684 523909 523433 524407 525513 523762 
523275 523467 524679 524411 524449 524945 524289 523782 524403 523921 524751 524515 523650 523686 525100 524269 524574 524398 524353 523803 524355 523832 523962 524814 524192 522781 524325 524739 523609 524069 523263 525123 523851 523306 523936 523929 524878 524745 524398 524049 524791 524878 524793 523402 524774 523705 524605 524763 523511 524229 524407 524496 523623 524464 524177 523294 525029 525253 524569 524532 524176 524707 524303 523291 
524422 524461 524705 524693 524049 523505 524348 524383 524253 524968 524337 522818 524085 524442 525451 525185 524235 524221 524652 523898 524823 524741 525480 524526 524489 523958 524634 523951 524797 523308 524505 524225 524672 523858 524158 524216 524144 524094 525023 523404 523916 525065 523280 525194 523952 524589 524460 523914 523886 522621 524058 523719 524747 524202 524327 524124 523468 524842 523961 524247 523996 524739 524151 523225 
523757 524394 523578 524111 524221 524965 523380 524040 524002 523942 523916 524188 524625 524147 524986 524175 524218 523428 524181 524053 524273 523699 524304 523869 524373 524472 523598 525586 523854 524881 524232 523638 524459 524458 525038 523930 525107 524663 523705 524162 523401 524047 523796 524625 523109 525043 523300 525145 525021 524033 524583 523692 524040 523885 524500 523766 523450 524815 524760 523731 524222 523694 523702 523627 
523868 524038 524718 524161 524138 523887 525431 525028 524763 525032 524268 524347 523533 524294 523629 523895 523983 524139 523455 523768 524788 524415 524571 524529 525107 524815 524165 523923 523826 523958 524669 523871 524477 524220 524099 524569 524253 524508 525110 524047 524516 524111 523930 523888 524353 523738 524926 524802 524709 524521 524227 523413 524445 524034 524490 523880 524433 524391 524861 524595 523443 524341 523949 523988 
524148 523343 523632 523970 524041 524854 524545 523826 524356 524144 524136 524668 523996 523672 524772 524655 524490 524206 524349 525187 525199 524287 524411 523880 524478 524186 524496 524191 524732 523934 524643 524541 524147 524004 523624 523532 523854 524548 523712 524129 524309 524217 524685 524404 523975 524578 524000 524613 524560 523837 524398 524180 524956 524756 523860 524436 524972 524600 524528 524899 523221 523683 524103 524402 
524094 523977 524406 523778 524313 523946 524482 524464 524870 524098 524310 524278 524222 523879 523958 525040 524622 524046 524628 523280 525133 524101 524490 524722 524784 523214 524487 524389 524103 523831 524810 523612 524621 524668 524464 523961 524287 524169 524978 524589 523755 524873 525731 524493 524904 524320 523874 524778 524606 523193 523881 524787 524133 524747 524461 523494 522936 524099 523392 524305 525245 524039 525029 524591 
524433 524889 524521 524046 524530 524021 524130 525204 525038 525038 524688 523601 524203 524724 524575 524783 523627 524675 524715 524259 524284 524554 523918 524362 524364 524257 524467 524787 524054 524532 524156 524410 524002 524373 524570 524277 524664 524449 524338 524297 523747 523753 523463 524439 524174 523938 523407 523982 524689 524438 524421 522922 523863 524000 524057 524458 524992 525363 524806 524728 524120 524132 523795 524600 
524281 524436 524608 524698 523775 524292 524483 523480 524063 524212 524023 524241 524014 524446 523647 524743 523820 523594 522941 524337 524391 523592 524965 524455 524845 524769 523515 524412 524388 523831 524009 524648 523927 524377 524056 524278 523934 524120 524356 525407 525357 524438 523840 525089 523814 524361 524125 524799 524291 523812 524064 525060 524117 523448 524121 524212 523703 523743 523241 524848 524213 523993 523751 524752 
524539 524782 524740 523829 524015 524187 523832 524327 524629 524848 523716 524024 523517 524312 523449 524095 523433 524290 523830 523908 523735 524002 524487 523531 524515 523591 524680 524018 524364 523127 523992 524540 523718 524839 524250 523577 523301 523369 524106 523756 524147 524867 523894 524225 524416 524484 524827 524188 523415 524759 524030 524609 525118 524217 523979 524426 524906 525311 524931 524185 524403 523848 524692 524188 
523589 523445 524496 525412 524714 523219 523890 524331 523991 524341 523924 524017 525613 523983 524274 524015 524162 524275 524585 524824 524501 523536 523682 524523 524383 524445 523717 523807 524418 524000 524765 524687 523630 524973 525242 524477 524540 524282 523947 523581 524118 525018 524836 523785 524487 525370 524158 523769 523053 525209 525179 524240 523693 523990 523885 524307 524621 524542 523669 525434 524470 524755 524201 524470 
523401 524089 524776 524100 524467 523441 523415 525180 524978 524291 524762 523833 524272 524862 523663 524451 524921 523897 524970 524674 524291 524936 524487 524263 524100 523648 523700 523791 524733 523736 524289 524878 524192 524122 523933 524436 523893 523450 524693 523800 524264 524413 523720 524054 524597 524595 524154 524311 523763 524853 524254 524509 523982 524090 523348 523484 525273 524118 525079 524479 525018 524779 524511 524189 
524712 524527 524546 524594 524703 524248 524356 523900 524448 524156 523549 524472 524258 524053 525172 524162 523638 523596 523700 524484 525883 524401 523742 525043 524752 524454 525327 523537 524316 523153 523805 524013 525503 525050 523891 524351 524043 523980 524198 524343 525167 524006 524057 524611 524058 524206 524097 524524 524171 524450 524255 523578 523112 525361 523955 524964 524930 524076 525003 524045 524663 524815 524361 523839 
524135 523323 524625 524092 525136 523485 523993 524665 524506 523733 524368 524065 524321 524508 524578 523925 524810 523856 524036 523680 524107 523746 523993 524322 525186 524554 523815 524239 524313 524964 523804 523844 523610 523965 524554 523395 523609 524110 525066 524886 525212 524183 524189 524671 523913 522627 525151 523832 524652 523122 523772 524028 523441 524744 523389 524835 523641 524777 524455 523127 524936 525122 524604 524884 
524353 522811 523806 523365 523672 523863 524173 524151 523558 523352 523961 524968 524625 524966 523790 524685 523925 523822 524365 524853 524485 524092 525288 524313 524329 524083 524366 524243 522982 524954 523923 523644 524732 524487 523894 523423 523914 523806 524827 525031 524146 523339 524327 524301 523479 523747 523393 524457 524451 523147 523415 524229 523479 524372 524618 524150 523911 523491 525188 524141 524541 524679 524527 524959 
524225 525140 524510 523222 524258 524426 523690 524058 524864 525204 524415 524441 523925 523650 524195 524199 524151 522933 524404 522472 524767 523609 524062 523458 524258 523614 524120 524121 523413 523638 523945 524017 524380 524907 524991 525105 524234 524591 524629 523615 525248 524344 523891 524358 524725 524592 523745 524352 523804 524460 523706 523764 524331 524017 523949 524887 525099 524478 523967 524157 524281 524058 524423 524599 
524127 523713 523956 523915 525295 523917 523904 524480 524151 524274 525334 524505 524161 523742 524152 523709 524118 524148 523951 524486 523996 524194 524363 524244 523907 523710 524527 524178 523946 524750 524169 524086 523903 523864 524660 524011 524162 524689 524018 524542 524109 524101 524269 525233 523377 524884 524089 524110 524436 523936 523694 524479 524522 523771 523885 524799 524507 525010 524438 524819 523980 524786 523413 524024 
524193 524270 524261 524387 525098 524828 524154 524080 523605 524515 522910 524444 524643 524695 524837 525101 523256 524237 523969 524425 524224 523915 524359 524280 524792 524788 524018 523895 524052 524321 525015 524829 524136 524336 523519 524948 524360 524506 524959 524651 524059 524051 524224 524902 524123 525115 524001 524212 523688 524620 524214 524653 524561 524754 524662 523924 524986 524225 524818 524639 523995 525284 524537 523780 
524612 524041 524027 524008 523103 524734 524350 524015 524077 524682 524204 524590 524466 524134 523688 524737 524550 524772 524331 524082 523867 524457 524393 524211 524733 524270 524413 524031 524732 525050 523662 523718 524561 525293 524118 524013 524338 523838 524201 523998 524169 523850 524586 524080 524290 524689 523802 524025 524307 523985 524584 523694 524410 524615 524630 524385 524899 524712 524264 523821 524988 523314 524275 524357 
524281 523205 524200 524240 524376 523824 524366 524449 524684 524356 524941 523822 524629 524402 523404 524167 523639 523865 523235 525208 524580 524146 524021 524243 524499 524299 523687 524506 523919 525244 524412 523790 523206 523505 524369 524078 525287 524722 524943 524754 523654 523642 524557 523859 524717 524550 524295 524647 524392 524677 524186 523637 524395 524007 524524 523613 524714 524305 524470 524108 524995 524972 524124 524520 
523902 523212 524634 524122 524728 524861 524778 524223 523321 523255 525157 523846 523254 524480 523849 524173 524443 524032 524054 524864 523307 524413 524447 524168 524017 523843 524035 524359 524624 524691 523624 524263 524381 525112 524709 524370 524911 524640 524847 524963 523783 524473 524239 523512 524447 524547 525422 524183 525405 523761 524599 524452 524107 524125 523943 523465 523841 524361 524924 524488 523268 524629 525231 524001 
524926 523600 524328 524284 524548 524391 524431 524434 523342 524067 523978 524285 524589 523498 524867 525435 524369 524248 524931 524579 524915 524139 524535 523783 524801 524663 524195 523374 524481 523406 523476 524454 523996 524447 524110 523510 524182 524841 524485 524870 525144 524128 524964 524065 524656 523661 524457 524936 524371 524283 523785 524962 524747 524745 524174 524720 523304 524597 523806 524331 523700 523837 524719 524604 
524741 523327 524247 524190 523135 524340 524671 523811 525723 524673 523419 524331 525075 524716 524456 524531 525105 524299 523536 526087 524565 524666 523086 524038 524064 524774 524312 523614 523886 523966 523106 523813 525133 524324 523688 525191 524550 524323 524230 524397 523892 525162 525137 523891 525294 524140 524520 525511 524404 524652 523334 524251 523869 524710 523349 524258 523875 524407 525312 523184 523815 524290 523610 525258 
