524388 524334 524060 523847 525038 524741 524794 523465 524435 523839 524216 524492 524508 524613 525152 524482 524828 524845 524477 523963 523947 524172 524397 524935 524040 524210 523866 523094 524267 523541 524671 523340 524481 523811 524782 524815 524121 523773 524403 524266 523450 523910 525021 524091 523764 524344 523981 525066 524423 524058 524242 523975 524811 523780 524993 524689 524161 523915 524424 524412 524476 524372 523748 524400 
524310 524149 523350 523875 523656 523584 524160 524435 524276 524139 524358 524569 524590 524398 524542 524373 523552 525750 524100 524402 523977 524011 525067 523531 523822 525071 524314 524388 524727 525015 524330 524367 523895 523821 523609 525595 523746 524273 524628 523990 524057 524342 524127 524768 524751 524536 524643 523621 524094 523957 524622 524235 524040 523802 523742 524351 523690 524006 523672 524449 524770 524178 525214 523598 
523424 525357 524804 524690 524840 523975 523795 524996 524122 524458 523329 524226 523923 524253 523745 524717 524573 523338 524597 523958 524700 524068 524599 523558 524514 524593 524125 524842 523838 523655 525269 524562 524503 523914 524371 525130 524818 524095 523856 523288 523855 524208 524622 524449 524520 524322 523970 525000 524523 523452 524859 524300 524460 523921 524066 524876 524904 523988 524476 524150 524445 524522 524087 524345 
524245 523680 523758 524018 524368 524058 524619 524248 524121 525181 524137 523927 524676 523544 524309 524094 524446 524451 525592 524443 523594 523590 523587 524156 524311 524247 524373 524432 524666 523327 524620 523857 523901 524488 524586 524776 524716 524305 523775 524776 524805 524137 523308 524112 523943 525181 524255 524546 524511 524818 525137 524388 523825 523919 523473 525073 524430 524707 524438 523218 523498 524554 524561 524150 
524380 525133 524859 524204 524867 525083 524363 525248 523890 523777 524330 524380 524359 524187 525201 525101 524031 524235 525028 524052 523566 524916 524390 524647 524197 524649 523384 524297 524099 524815 523856 523988 524423 524096 524343 525077 523703 524664 523466 523720 524310 523569 523826 523898 525007 524414 524930 524537 524857 523484 524709 524391 524302 524577 523636 524451 523842 524750 523667 524996 524785 524186 523629 524181 
524261 523531 524531 524786 523169 524228 523710 524725 525097 524151 523533 525176 524182 524530 524166 524021 523921 524046 525399 524134 524567 523100 524648 524002 524096 524241 523468 523497 524755 524076 523939 524116 524200 524810 523653 523644 524176 524309 523736 524048 524178 524222 524859 524027 524667 524363 524663 524238 524386 524097 523414 524287 524340 524153 523865 524296 523787 525071 524279 524585 523682 523680 524089 524230 
524242 524022 523917 523781 524297 524184 523480 524400 524630 524327 523987 523480 524198 524604 525257 525315 524354 524685 523517 524122 523839 524708 524631 523984 524178 523705 524443 523803 524037 523575 524993 523913 524548 523720 523922 524904 523654 524780 524602 524033 523565 524468 523705 524773 524769 524241 523518 523249 524724 524621 524161 524119 524764 524308 523934 524226 524519 524841 523360 524783 524259 524877 523401 524837 
524528 524648 524156 524552 524616 523442 524605 524209 524216 524465 524694 524836 524625 524304 524543 524242 524545 523769 524806 523561 523941 524286 524542 523762 523808 524915 523959 524797 525100 523645 524073 525515 523792 524579 523313 524681 523835 524407 524031 523385 525199 524426 524371 524075 524185 523373 524256 523958 524087 524195 523727 523666 523415 524125 524957 524582 523970 524970 525125 523926 524492 524060 524013 523497 
524357 524249 524831 523686 524329 523979 524677 524161 524465 523048 523686 523728 524681 524665 524651 523410 523783 524461 523868 524582 524600 524038 523721 524026 523877 524625 524524 524392 524564 524427 524474 524443 524464 523478 524439 523435 523882 524094 524052 524460 524029 524735 523304 524205 523746 524718 525031 524574 525411 524747 524247 524762 524903 524092 524233 524658 523899 523748 523259 524174 523722 524148 523659 523885 
525020 524326 524338 525239 524610 523076 524098 524776 523941 524694 524724 523389 523440 525129 524295 524680 524715 524366 524421 524476 524049 523545 524099 524301 524518 525117 525154 524269 523280 524358 523858 525504 524645 523619 524362 525742 523892 524061 524646 524642 525637 523370 524875 524156 524326 524369 525674 524200 523958 525024 524201 524237 524035 524852 523622 523920 524293 524052 525207 524543 525078 522981 524262 524795 
523684 524656 524826 523801 523868 524759 525472 525504 523457 524093 524923 525094 524725 524423 524141 524417 524710 523990 524233 524436 524438 524281 524377 524264 525061 523141 523391 524232 523703 523898 523891 524772 523761 523456 523801 524007 524108 525044 524232 524462 524069 524659 524797 524127 522826 524162 523903 524206 523862 523617 523154 523476 524346 524731 524387 523105 524509 524431 523760 524048 523606 524802 524637 524178 
524398 525154 524290 524304 524204 523977 523018 524158 524790 523783 524646 524267 524544 523833 524225 524124 524393 524393 525103 523591 524818 523725 524750 524677 524930 523708 523850 523964 524603 524359 524748 523880 524920 523608 525014 524004 524986 524023 524743 524575 525143 523544 523948 526379 523690 523925 524746 523995 524180 525221 524654 524606 524401 523724 524079 524260 523757 524269 524672 525110 524331 523978 524346 524376 
523911 524023 524217 523618 524441 525015 524410 524187 523542 524913 524176 525056 524196 524457 524608 523579 524175 523631 524045 524614 524384 524317 524601 523951 523993 524035 525094 524458 524590 524900 524380 524044 523787 524089 524979 524931 524450 523686 525404 525178 524065 523176 524737 524024 524356 524089 524624 523835 523627 524112 524174 523807 523336 523196 523927 524497 524182 523786 525192 524456 524241 524564 524543 523765 
524317 525096 524321 523881 524290 523616 523849 524902 524626 524933 524817 524389 524560 525215 524709 524047 523918 524629 524570 523379 523607 523137 524731 524720 524319 524692 524023 524836 524253 524544 524911 524167 523301 524211 525220 524282 523710 525116 524300 524998 523441 523910 525258 524381 524140 524043 524175 524222 524609 525279 523532 523503 525161 524566 524425 524127 523726 523259 523914 524253 523974 524167 524643 524436 
523837 524514 523773 524228 524698 524867 524340 524064 523809 525014 524429 523591 523950 524952 524653 523513 523486 523731 524819 523974 523992 523802 524478 524281 524281 523799 524775 524010 523412 524673 524357 523431 523065 523792 523853 524447 525077 524236 524066 524550 524379 524021 523929 524563 525242 524140 524537 523879 523935 523997 524680 524945 524439 524384 523274 524178 523880 524108 523601 524823 524262 523846 524023 524517 
523720 524790 524434 524690 523774 523831 524642 525109 524517 524225 524570 524393 524011 524770 523781 523990 523670 524727 524240 524575 523485 524592 522997 524164 524608 524141 523595 524386 524350 523886 524021 523684 524468 525011 524315 523828 523345 523644 524145 524230 523868 523457 524678 524753 524346 523538 524354 524469 524079 524793 523999 524176 524481 524530 524255 524905 524431 524278 523778 524680 524567 524797 523652 524031 
523883 525002 524559 523618 524571 524376 524074 524231 524592 523904 524745 524256 524805 523276 524873 524138 524269 523726 524342 523708 523960 523957 524698 524620 524452 525248 523919 523434 524302 523301 525332 524777 523939 524077 525132 524574 524901 524817 524352 524377 524644 524681 523233 524317 523671 524636 523850 524987 523991 523764 524070 524802 525029 524516 523474 525325 524880 524339 524408 523209 524440 524404 524806 524517 
524457 524513 523574 524025 524678 525096 524903 523478 523950 523783 524581 525283 525347 524791 524029 524754 524416 523253 524716 523833 523323 523730 524873 525216 523384 524610 524544 524415 524541 523978 523166 524759 524839 524653 524411 524240 525287 523965 524585 524363 524588 524334 524730 523921 524143 523223 525043 524002 524054 523984 524244 524341 524458 524972 523669 524123 523740 523954 524293 524922 524662 524149 524119 524080 
524384 524594 523981 524690 524352 524151 524858 523956 524162 524103 524647 524784 524491 524601 524338 523695 524908 524670 524843 524183 524254 523773 524049 524641 524196 524442 523094 524099 524151 523596 524697 524969 524111 524565 524329 523889 524195 523413 524702 524774 524593 524032 524662 524661 524634 525196 525148 523561 524156 524740 524531 524919 524495 524881 524593 524744 524339 524101 524523 524049 524125 525011 524160 525060 
524647 525855 523766 525204 524337 524202 525015 523948 523723 524569 524597 525047 523335 524127 523820 523498 524381 524343 523595 524150 524648 523909 524391 523351 523863 523942 524304 524446 524730 524148 524480 524068 524590 524608 524182 524831 524550 523894 524440 524481 523169 523713 524558 524652 524894 524600 524220 523675 524102 524490 523904 524032 524370 523819 523620 524698 525400 524480 524967 524389 524009 525318 525068 524277 
524819 523805 522817 524428 524217 524414 524042 523880 525274 523859 524366 523741 524773 524317 523959 524782 524130 524002 523801 524148 524523 524553 525033 524113 524174 525094 523557 524827 523936 524379 523695 524599 524811 523981 524366 525051 523865 523420 524540 523817 524825 524288 524340 524267 524698 524719 525058 523920 525781 524133 523213 524438 524436 524118 523614 523807 523742 523891 524076 524644 523664 524275 524037 524790 
524407 524176 524129 523961 523636 523583 524177 525134 524530 523607 524116 524774 524567 524151 523870 524908 524139 524749 524143 524561 524428 524686 523523 524023 524987 524016 524217 524737 523794 524186 524826 523660 524749 524340 524153 523921 524663 524788 525151 524287 524075 524383 524443 524961 524606 524113 523905 524193 523925 524766 524675 523875 524112 524549 524399 524221 524694 524251 524653 524723 524167 523087 524159 524333 
524803 524428 524761 524292 524706 523732 524030 524152 523527 524259 524322 523564 524969 524561 524707 524491 524777 524009 523784 523439 524924 525132 524401 524484 523900 523791 525055 523351 524614 524817 524380 523919 525016 524892 523575 524368 524586 524061 524523 523930 523948 524404 523844 524167 524319 523914 523791 524883 524300 524202 524436 524307 524323 523692 523666 524633 524718 524331 524556 525013 523971 524679 523532 523952 
523976 524623 524495 525540 524750 524115 523686 524178 524559 524193 524951 525371 524872 524391 525070 524850 524549 524372 524451 524407 523978 523136 524625 524864 524598 524126 524412 523937 523909 523770 523783 524255 524734 523453 523616 524081 523295 523925 524437 523058 524501 523966 523564 525152 524304 524103 524504 524405 524074 524809 524016 523983 524324 524776 524224 523752 525157 523280 524480 524674 525035 524385 524159 524893 
523874 524181 524665 525062 523495 523798 523583 524240 524629 523995 524695 523448 524269 524938 523901 524143 524415 524422 524933 524003 524119 524109 524622 523391 523993 524121 524032 523998 523356 524398 524057 525552 524241 524065 524720 523868 524873 523659 524505 524340 524035 524431 524095 525183 523847 524121 524780 523590 523799 524672 524721 523862 524070 524943 523893 523780 523874 524903 524353 524434 524073 524212 524120 524821 
524602 524305 524248 523939 524838 523587 523570 524077 523931 524402 523788 524480 525073 524248 524276 524441 525244 524028 524854 524975 523284 524243 524967 524683 524388 524667 523951 524085 524130 524595 525275 523843 525557 524830 524334 524512 524082 524102 524743 524061 523822 524103 525320 524140 524444 523501 524289 524348 524776 524672 524637 524043 524100 524703 523334 525272 524087 524281 524628 524053 524225 524565 524116 524559 
523691 524129 524716 524572 524618 524123 523378 524283 524446 524077 524825 523920 523443 523401 523588 524206 523821 524191 524865 523922 523715 524494 524567 523480 524625 523767 524269 525284 524906 523282 524851 523784 524065 525026 524386 525089 524475 523980 524365 524473 523699 523885 523828 523589 524017 524983 524312 524276 524732 524433 523471 524760 524089 524536 524173 524075 523289 524845 523912 524044 525051 523853 523536 523917 
524623 523865 524148 524090 523360 523765 523754 523648 524665 524006 524190 524142 524356 524731 524476 524019 524235 523172 523114 524553 524299 524408 524335 524734 523822 524120 523773 524996 524995 524416 523841 523925 524021 523379 523568 525161 523593 524135 523539 524545 524411 524684 525059 524255 524552 523871 525037 524322 523879 524035 524064 524607 523714 524752 524541 524559 523852 525319 523473 523469 523824 524194 524597 524178 
524267 523495 524853 523873 524193 524248 524028 524208 523995 524684 525093 524260 523072 524839 524268 523968 524123 524106 523422 523420 524671 524126 524255 524436 524494 524107 525321 523846 524109 524407 525602 524854 524206 523453 522963 524598 524068 524195 525469 524036 524571 524396 524729 525241 525621 525139 523966 523752 524438 524168 524334 523695 524519 524645 524698 524694 524035 524545 524438 524886 523791 523358 524327 524904 
524207 523762 525069 525135 523859 523814 524156 523955 524698 524371 525065 524108 524345 524752 524381 523768 525098 524916 523818 524658 524520 524438 524182 524146 524123 523334 523796 524223 524333 524250 524161 523696 524489 523577 523298 524090 522541 524190 524405 523690 523912 522937 523717 524465 525264 524292 523985 524061 524189 524348 523802 524824 523601 524038 523448 523963 523890 524192 525345 524554 523967 524607 524657 524612 
523894 524977 524062 524385 523576 524034 524208 523967 525156 524233 525109 523458 523869 524501 524241 523998 525345 524231 524239 524535 523607 524370 524826 524571 524124 524207 524093 525136 524037 525479 524670 525370 524084 523628 524617 524293 524131 524867 523800 524310 524218 524929 524375 523841 525327 525017 524335 524560 523910 523896 524160 524132 523942 524691 524683 524284 524283 524142 524414 522916 524637 524372 524023 524458 
523746 524112 523875 524814 524012 524362 524456 524802 523531 525592 524446 524276 524826 523982 524030 525134 524643 524425 525371 524329 523412 523501 524170 524442 524114 524726 525129 524514 524135 524404 523200 523417 524590 524381 523834 524945 523649 523529 523702 524279 524592 523918 522961 524787 524158 523942 524121 524072 524613 525129 524448 524770 524603 524660 524279 525007 524270 523881 523789 525329 524584 524469 524419 524415 
524492 524201 523954 523842 525239 524431 524215 524118 524456 524759 524242 523830 524314 523199 524427 523546 524483 524680 524119 524368 524692 523609 523297 523865 523906 525569 524364 524349 524690 524810 524801 524745 524386 524574 524701 525077 524113 523917 524511 523741 524341 524528 523794 523191 524500 524237 524925 524851 524055 523769 524445 525065 524451 523461 524407 525104 523977 524042 524240 524082 524370 524861 524130 524682 
523903 524777 524089 524084 524894 525018 523681 524297 523763 524737 524911 524613 523817 524586 523868 523163 524037 523689 523691 523568 524185 523169 523629 524459 525205 523116 524762 524962 524414 524004 523467 523578 524039 524463 524599 523786 524653 524746 523799 523932 523683 524514 524095 523462 524091 524196 523485 524399 525059 524531 523936 523892 523860 524077 524954 524842 524328 522757 523804 524735 524015 525378 523788 524458 
524246 523519 523892 524549 524589 523586 524023 524818 524096 523584 524482 524062 525096 524108 524321 523781 524899 523469 524511 523996 524810 524327 524385 524470 524340 523320 524599 523836 524421 523964 523933 524781 524712 523266 525073 524797 524413 524708 524228 524027 524322 524433 524948 523863 524193 523976 523825 524481 524874 525195 524253 523669 524512 523489 524400 522896 524271 523778 524167 523877 524008 523744 524976 525135 
524170 524401 524395 524507 524401 525350 524522 523873 523897 523665 523304 524495 524554 524348 524155 524591 524406 523756 524496 523823 524584 524302 524456 524882 524124 524027 524715 524569 523996 524048 523758 524526 523636 524242 524174 523565 524916 523462 524767 523707 524471 523423 523844 524694 525046 524212 524216 525248 524400 524364 524672 524235 524719 523602 524328 524159 525118 523522 523336 523758 524082 523728 523236 524791 
524499 525862 523678 524643 523986 524278 524270 523984 524956 524998 524940 525323 524008 524927 523550 524452 523745 523720 524690 523237 524446 524477 524210 524119 523907 524039 525026 524171 524671 523976 524215 523559 524211 524461 524916 524310 524131 523992 524214 523175 523631 524531 524268 524347 524436 523608 524178 524208 524771 523953 524396 523580 524690 524700 523940 523993 523665 524385 523823 524942 525146 523860 523762 524651 
524241 525193 525480 524418 524280 524291 523859 523823 523473 525013 524305 524460 524109 524740 524388 524893 525111 524703 523732 524030 524338 524214 523902 524157 524357 524685 524651 525060 524023 524578 523924 523972 524472 523958 524794 524948 524599 523553 524220 524089 524670 523940 523649 524200 524720 524183 525447 523679 524023 523987 524446 524119 524604 524841 524503 523894 524550 525286 524706 524462 524477 523890 524379 524692 
523476 523527 523648 524502 524760 524892 524041 524588 524117 524025 523972 524706 524513 523683 525567 524236 524439 523910 524454 525259 523984 523853 523716 523710 524800 523806 524764 524214 524535 524749 523882 524065 523437 524904 524519 523563 524086 525090 524794 524439 524100 524166 524508 523642 524472 524064 523560 524471 524267 523415 524302 523254 523121 524429 524339 524378 524584 524476 523734 524144 524328 523648 524527 524176 
524466 523939 525065 524518 524658 524583 523869 524467 524326 524248 524908 524781 524072 524161 523785 524601 523651 524121 524529 524037 524741 524897 524712 523515 523560 524420 524728 523881 523332 524290 524292 524427 524453 524068 523551 524836 523570 524231 523780 524466 524729 523738 524569 523994 523860 523562 523431 524318 524551 523544 524270 524818 524527 523945 524931 524150 524937 524685 524654 524361 524913 523937 524356 523697 
524157 524275 524470 524168 524082 524258 524464 524092 523669 523114 525095 523805 524215 524362 524511 525137 523743 524384 524288 524332 524991 524034 524072 524447 523704 523788 523997 523788 523854 524593 524549 524548 524223 524383 523693 524283 524012 524045 523260 524455 524137 523853 524969 523523 525220 524773 524921 523210 524636 523889 523665 525117 524305 524269 523244 524790 524233 525503 523556 524219 525287 524443 523333 524803 
524246 524398 524684 523909 523433 524407 525513 523762 523789 524400 524796 524733 524872 524300 524504 524015 525922 524334 524738 524675 525028 524338 525737 524041 523305 524424 524714 524165 524507 524809 524897 524158 523928 523860 524794 524194 524524 525040 524675 523812 524746 524579 524906 524903 524275 524074 523627 524279 523961 524364 524009 523854 524721 524223 523767 523891 525170 523997 524372 525116 524026 524620 524028 524408 
525029 525253 524569 524532 524176 524707 524303 523291 524283 525113 524891 524004 524095 523723 524161 524245 524403 523921 524751 524515 523650 523686 525100 524269 524298 523814 524424 524142 524876 524125 523618 524087 524192 522781 524325 524739 523609 524069 523263 525123 524004 524634 525502 523823 524522 524646 523884 524040 524791 524878 524793 523402 524774 523705 524605 524763 522954 524245 524222 523390 524466 524381 524516 524444 
523468 524842 523961 524247 523996 524739 524151 523225 524027 524585 524662 523965 524593 524241 524121 525096 524253 524968 524337 522818 524085 524442 525451 525185 524321 523838 524702 524176 524867 524659 523647 525519 524489 523958 524634 523951 524797 523308 524505 524225 523998 525203 523986 524888 524864 524793 524972 525149 523916 525065 523280 525194 523952 524589 524460 523914 524751 524262 524839 525152 524225 524493 523478 524126 
523450 524815 524760 523731 524222 523694 523702 523627 524723 524658 524529 524550 524432 523515 524134 523897 524002 523942 523916 524188 524625 524147 524986 524175 523001 524156 524726 524241 523775 524559 524321 523650 524373 524472 523598 525586 523854 524881 524232 523638 524253 523348 523728 524698 524315 524772 523931 524792 523401 524047 523796 524625 523109 525043 523300 525145 523839 522633 523452 524929 524101 523591 524333 524785 
524433 524391 524861 524595 523443 524341 523949 523988 522966 523594 524724 525099 525236 524343 523636 523777 524763 525032 524268 524347 523533 524294 523629 523895 524216 524373 524274 525470 524760 524364 524420 524680 525107 524815 524165 523923 523826 523958 524669 523871 524506 524302 524698 524485 524894 525418 524322 524123 524516 524111 523930 523888 524353 523738 524926 524802 522885 525076 523872 523963 523944 524508 523277 524496 
524972 524600 524528 524899 523221 523683 524103 524402 524283 524451 525097 523876 523530 524996 524367 524542 524356 524144 524136 524668 523996 523672 524772 524655 524124 523893 524453 523645 524613 524275 524455 524879 524478 524186 524496 524191 524732 523934 524643 524541 525492 524808 523336 523660 524103 523864 523923 524734 524309 524217 524685 524404 523975 524578 524000 524613 524195 524124 524899 523816 524598 523574 523705 524319 
522936 524099 523392 524305 525245 524039 525029 524591 523536 524162 524138 523675 524359 523575 525110 524117 524870 524098 524310 524278 524222 523879 523958 525040 524013 524299 523856 523975 524213 524732 523817 524447 524784 523214 524487 524389 524103 523831 524810 523612 524133 525503 523984 524714 523542 524242 523614 524086 523755 524873 525731 524493 524904 524320 523874 524778 524383 524393 523710 525493 524506 523596 524696 524674 
524992 525363 524806 524728 524120 524132 523795 524600 524633 524266 523901 524570 524376 525334 525384 523895 525038 525038 524688 523601 524203 524724 524575 524783 523776 523877 523695 523804 524320 524482 524516 523829 524364 524257 524467 524787 524054 524532 524156 524410 523814 524909 523873 523981 524136 524716 523947 524376 523747 523753 523463 524439 524174 523938 523407 523982 523940 524421 523843 523962 523497 523849 523768 524748 
523703 523743 523241 524848 524213 523993 523751 524752 523888 524588 524680 523903 524618 524187 523806 523953 524063 524212 524023 524241 524014 524446 523647 524743 524574 523971 523965 524547 524403 524063 523784 524143 524845 524769 523515 524412 524388 523831 524009 524648 524417 523851 523498 523820 524709 525189 524680 524738 525357 524438 523840 525089 523814 524361 524125 524799 524230 523709 524552 524591 523829 524140 524167 524173 
524906 525311 524931 524185 524403 523848 524692 524188 524979 523265 523824 524842 524825 524298 523950 524593 524629 524848 523716 524024 523517 524312 523449 524095 524553 523936 525716 525145 525628 524563 524602 524112 524515 523591 524680 524018 524364 523127 523992 524540 524686 523825 524469 523319 524833 524841 523250 523885 524147 524867 523894 524225 524416 524484 524827 524188 525132 524600 524156 524358 524763 523628 524311 523704 
524621 524542 523669 525434 524470 524755 524201 524470 524491 524608 524834 524238 524261 524477 523762 524747 523991 524341 523924 524017 525613 523983 524274 524015 524166 524097 525386 524777 523874 524640 524988 524394 524383 524445 523717 523807 524418 524000 524765 524687 524099 524173 524299 524072 524202 524450 524389 524431 524118 525018 524836 523785 524487 525370 524158 523769 524491 524570 523903 525085 524167 524649 523477 524417 
525273 524118 525079 524479 525018 524779 524511 524189 524180 523288 523391 524808 523886 524700 524237 524303 524978 524291 524762 523833 524272 524862 523663 524451 524179 524972 524311 523724 524046 523500 524179 523701 524100 523648 523700 523791 524733 523736 524289 524878 524325 523840 524469 524142 524704 524735 524567 524307 524264 524413 523720 524054 524597 524595 524154 524311 524460 524014 523687 524863 523857 523861 524471 524427 
524930 524076 525003 524045 524663 524815 524361 523839 524603 524791 524047 524471 523963 523179 524255 524133 524448 524156 523549 524472 524258 524053 525172 524162 524449 524841 523783 523978 524692 524018 523725 523575 524752 524454 525327 523537 524316 523153 523805 524013 523894 524248 525076 523925 524276 524840 524844 523251 525167 524006 524057 524611 524058 524206 524097 524524 524245 524636 524467 524559 524287 525024 524766 524412 
523641 524777 524455 523127 524936 525122 524604 524884 524340 524207 524299 525244 524741 524120 523890 524014 524506 523733 524368 524065 524321 524508 524578 523925 523778 523926 524982 523871 524081 523998 524121 523445 525186 524554 523815 524239 524313 524964 523804 523844 524162 523384 524525 523318 523858 525026 524190 523667 525212 524183 524189 524671 523913 522627 525151 523832 524434 523716 524179 524172 524296 523050 523941 523587 
523911 523491 525188 524141 524541 524679 524527 524959 524394 524224 524550 524282 524505 523660 524209 524050 523558 523352 523961 524968 524625 524966 523790 524685 523823 525295 524304 523893 524201 524171 524349 523891 524329 524083 524366 524243 522982 524954 523923 523644 524615 524235 524646 523875 524082 524144 524094 523858 524146 523339 524327 524301 523479 523747 523393 524457 523828 522565 524473 524725 523381 524498 523562 524465 
525099 524478 523967 524157 524281 524058 524423 524599 524053 524290 524689 524868 525077 524168 524575 524509 524864 525204 524415 524441 523925 523650 524195 524199 523880 524801 524954 524308 523914 524483 524313 524191 524258 523614 524120 524121 523413 523638 523945 524017 523038 524166 524621 523102 525277 524514 524367 524637 525248 524344 523891 524358 524725 524592 523745 524352 524530 524017 524771 523824 524199 524024 525462 524299 
524507 525010 524438 524819 523980 524786 523413 524024 523677 524732 523974 525259 524438 523457 524418 523965 524151 524274 525334 524505 524161 523742 524152 523709 524938 524212 524446 524061 524696 524413 524372 523742 523907 523710 524527 524178 523946 524750 524169 524086 523295 523921 524692 524460 524077 524633 524011 525384 524109 524101 524269 525233 523377 524884 524089 524110 524469 524859 524217 524385 523945 524404 524504 524167 
524986 524225 524818 524639 523995 525284 524537 523780 524684 524971 524339 524622 523633 523776 524843 524843 523605 524515 522910 524444 524643 524695 524837 525101 523787 524955 525192 524445 524700 523079 523514 523788 524792 524788 524018 523895 524052 524321 525015 524829 524823 524065 523993 524648 524876 524157 524517 524553 524059 524051 524224 524902 524123 525115 524001 524212 523615 523855 523436 524362 523522 523703 524752 524204 
524899 524712 524264 523821 524988 523314 524275 524357 524549 524606 524245 524368 524412 524078 524542 523874 524077 524682 524204 524590 524466 524134 523688 524737 524106 523789 524792 524244 523683 524526 523744 524041 524733 524270 524413 524031 524732 525050 523662 523718 524868 525299 523793 523702 524444 523614 524162 524204 524169 523850 524586 524080 524290 524689 523802 524025 524391 524400 524261 524064 524429 524091 524818 523638 
524714 524305 524470 524108 524995 524972 524124 524520 524174 523780 524427 523678 524815 524294 525227 523520 524684 524356 524941 523822 524629 524402 523404 524167 523381 524868 523820 524744 524324 524088 523692 523156 524499 524299 523687 524506 523919 525244 524412 523790 525032 523919 525052 523331 524693 524465 524096 523748 523654 523642 524557 523859 524717 524550 524295 524647 523302 523680 524368 524500 523762 524149 523897 524919 
523841 524361 524924 524488 523268 524629 525231 524001 524742 523753 525258 524547 524446 525109 523536 523968 523321 523255 525157 523846 523254 524480 523849 524173 524663 524661 524537 524439 524316 524415 523751 524371 524017 523843 524035 524359 524624 524691 523624 524263 524679 524646 524601 524367 524405 523411 524197 524358 523783 524473 524239 523512 524447 524547 525422 524183 524447 524457 524752 523314 524361 524606 523732 524502 
523304 524597 523806 524331 523700 523837 524719 524604 523822 524592 524365 523798 524435 523959 524996 523926 523342 524067 523978 524285 524589 523498 524867 525435 523942 523992 524002 524476 524106 523347 524794 524515 524801 524663 524195 523374 524481 523406 523476 524454 523432 524371 524921 524568 524199 525063 523171 523793 525144 524128 524964 524065 524656 523661 524457 524936 524677 524416 525293 524334 524249 524012 523569 524034 
523875 524407 525312 523184 523815 524290 523610 525258 524206 524058 523145 524186 524070 523446 524448 524808 525723 524673 523419 524331 525075 524716 524456 524531 523744 524434 524672 524177 523973 523687 524235 524075 524064 524774 524312 523614 523886 523966 523106 523813 524800 523770 525359 524783 525295 524424 524137 524080 523892 525162 525137 523891 525294 524140 524520 525511 524584 524329 524939 523751 524345 525196 524180 523791 
