522402 523699 523658 524911 524358 522257 522365 521358 523178 524519 524340 524317 524247 524900 524227 524307 524156 523926 524561 523728 523519 522556 522156 525032 524357 524001 524178 523871 524220 524117 524257 524232 522943 524590 523933 524241 524468 522332 521852 522537 524021 524406 524053 524127 524741 524621 524241 524420 523008 523229 523320 523209 524965 523051 523140 522628 524185 524282 524071 524598 524791 522493 524256 524699 
523278 523492 522520 523363 525604 522825 523776 524047 525164 524503 523907 525455 524533 524354 525026 524727 523852 524247 524966 524503 524786 523648 524294 525458 524309 523935 523893 523169 523586 523593 524076 524433 524587 524510 522490 525330 524885 524257 524027 523937 524312 523296 523350 524441 524628 523754 524327 523414 522768 525070 524859 524045 523975 522745 523291 523507 523735 524226 524328 523791 524605 524703 523735 524923 
520906 524605 523917 524017 524096 521331 522732 521403 523691 524667 524125 524544 523939 523723 525108 524243 523172 524458 524186 523012 524826 522764 523663 523986 524256 524364 524061 523582 524131 524127 523705 523232 521862 524514 525226 524309 524675 521115 520047 522880 524262 524702 523428 524457 524276 523549 524021 523818 521640 524859 524126 524094 524780 521060 521737 523292 524295 524904 524287 524324 523751 524478 524355 523725 
519444 524539 524230 523460 523491 517779 519691 519583 523074 524117 524798 524195 524441 525630 524410 524815 521925 524494 524032 524477 524819 520541 522415 522529 524640 524037 523686 525354 523938 523801 523665 523580 515963 524245 523769 521548 523390 513915 516235 522431 524262 524262 523262 523862 524395 524946 524018 523541 520510 523911 523493 525596 524290 520101 520391 521947 524068 524563 524960 523698 524514 523127 522839 523238 
523823 522114 522469 522320 523192 524094 524879 523407 524416 523760 523751 523861 523573 525407 523234 523876 524483 522962 523583 523467 523419 523837 524842 524519 524636 524554 524780 523281 524463 523516 524609 523656 523731 521214 521340 524930 521841 524344 524864 524813 524002 524643 523977 524300 524274 523528 524799 523506 524409 522491 523283 523190 522865 523783 523743 524286 524095 523126 524308 524344 525094 524480 524426 524165 
524883 523776 523903 522702 523954 522898 522911 523377 523945 523981 523027 524836 523931 523575 524674 524264 524675 524160 523360 524986 523032 524134 524176 524185 524252 525341 524332 524943 524463 523574 524656 524069 524772 525232 523325 523849 523879 524901 522648 524328 525161 523902 523881 524923 523796 524736 524216 525084 524106 523551 523301 524795 522503 524978 523442 523956 524405 524179 524262 524616 524612 524588 524962 524881 
523592 521674 522622 522289 520964 524850 524679 523177 524289 524633 523829 524252 523995 524566 524103 524443 524501 523710 523633 524400 523428 523908 523798 525070 523950 523965 524095 524487 524006 524304 524564 524325 524205 520211 521294 522370 522172 523975 524303 523606 524179 524123 523891 524167 524650 523885 525831 524294 524707 520809 520799 522909 520681 524103 523830 523995 523998 523683 524344 523737 523854 524735 523748 524892 
523243 518804 519920 519403 519826 526271 523903 523760 524667 523558 524467 523748 524472 523605 524451 525203 523069 520540 522109 523494 521675 524121 524194 523759 525458 524035 523197 523826 523405 523599 524552 524430 524217 513076 516206 521853 515969 524507 524367 522320 524479 523745 522675 524495 524500 525352 524520 524200 523951 520016 520435 521792 519638 523903 523625 525066 524118 524143 523730 523830 523547 524771 524567 524279 
523643 525582 524037 523965 524073 522447 522991 523120 524486 524043 523992 523953 523191 523894 524786 524382 524970 524212 525213 524531 524156 523277 523688 523787 524337 524937 524327 524023 524334 523359 524800 524807 523511 524380 524747 525087 524117 524376 523840 524330 524458 523540 524021 523353 524353 523584 523720 524418 524294 523468 523702 523794 524433 523522 522931 523402 524194 523683 523369 523977 523985 524280 523180 524032 
523658 524646 523391 523973 523653 522517 524142 523780 524798 524000 524510 525183 524227 524577 524378 524792 524264 525275 524159 525181 524282 524803 524212 524273 524580 524219 524428 524834 523877 523724 523764 524197 523376 523865 523623 525121 523996 524187 524553 524736 524284 523877 524698 523901 525235 524108 524569 525440 524301 524517 524381 524543 523734 524893 523271 524275 524998 524122 524950 525234 524360 525115 524790 524892 
522581 523985 524073 524400 525273 521812 522519 522557 524749 524546 524062 524315 523174 523571 524033 524096 523854 524621 524056 524299 523187 523425 524027 524229 524984 524772 524269 524668 523736 523745 523772 524744 523279 524433 523890 525126 524951 523665 524255 523891 524579 524518 524487 524099 524974 524478 524851 524422 523658 523997 524409 523558 524796 523308 524110 523973 523831 524923 524675 523567 523769 524992 524194 524516 
522568 524242 524634 524594 524568 519559 521722 522853 525055 524345 525311 524482 525047 523814 524671 523816 524109 525109 524428 523666 523443 522668 523580 524044 524666 524778 524069 524315 524032 523907 523847 524475 522917 525336 523951 523503 523173 523130 523325 523782 524138 524194 524431 525268 524407 524602 524305 524170 524346 524767 523487 522882 524381 522876 523270 524162 523745 523869 524929 523693 525665 523703 524637 524356 
523046 522731 522673 523611 523435 524905 525304 524048 524429 525222 524369 524109 524338 524054 524199 523713 524408 523660 524655 523851 524746 524472 523875 524506 525219 523536 523378 524612 524031 524223 524675 525090 524276 523794 523745 524303 524359 525004 524092 524313 525447 525512 523408 524088 523826 524052 524978 524504 524142 524312 523317 523756 523954 525030 523811 524238 524920 524626 523751 523815 524285 524124 523906 524156 
523755 523672 522566 524268 523813 524591 523419 524034 524990 524403 524492 525133 525571 524245 524410 524021 524045 523325 523755 523727 524772 523942 523743 524263 524713 525010 524203 524051 523753 522837 524931 525460 524644 524273 525190 524140 523656 524349 524607 524304 523773 524048 525040 523930 524978 525198 524823 524473 524666 524004 523634 524462 523796 524982 524874 524663 525066 524541 523530 524160 524625 523249 525056 523728 
523838 522117 523060 522423 522517 524315 523734 524318 524203 524411 524526 523810 524926 523910 524348 523930 525003 523648 523903 523950 524229 524153 525238 524297 524223 524337 524263 523510 524392 524377 524437 524155 524596 523516 523526 523752 524231 524344 523822 524459 524311 523752 523464 524468 523718 524775 524597 524715 525095 523720 523564 523147 524198 524413 523698 524524 524462 523104 523412 524917 523397 524274 524907 524372 
523224 521518 522352 522585 522925 524223 524283 523815 524069 523503 523397 524142 524394 523354 523928 525218 524591 523133 523886 524122 523344 524528 524351 524038 524549 523560 524152 525029 525304 524097 524003 523548 523744 523291 523583 523297 523294 523930 523764 524284 524367 523864 524655 525069 523446 524365 523439 524643 524900 524321 523276 523470 523912 523828 525055 523891 523883 523387 523447 524897 524471 524123 524111 524003 
523835 523818 523785 524550 525023 523808 522568 522594 523659 524954 523676 523896 523452 523632 523340 523901 523514 524646 523755 523834 523238 522724 521452 522872 523947 524476 525375 523709 524644 523818 524378 524005 523190 524597 525052 524626 523331 523527 523249 524201 524335 525154 523942 524883 524544 523749 524613 523851 522253 523726 523400 524888 524203 521977 523314 522396 524212 523859 524572 524461 524080 524370 525066 524756 
523596 524885 523503 524833 524674 522813 523139 524475 525050 523830 524218 523736 524278 524164 524683 524390 524535 525251 522475 525256 525064 524521 522920 523805 525278 524007 523824 524593 523602 523576 523381 523529 524951 524049 524481 525188 524037 524662 524491 524150 523811 524600 523957 523228 524164 524132 523848 525621 523741 522080 522881 523127 524554 524068 524216 523035 523806 523723 524615 524327 524459 523109 524810 523598 
522149 524948 523093 523425 523955 520649 521203 523157 524089 524980 524536 523745 524745 524610 523944 523211 522601 524316 525073 523627 525388 522058 521198 522095 523207 524103 524618 523355 524821 523818 525017 524940 524032 524074 523728 524434 523829 522222 523508 524434 523842 523677 524157 523917 523933 523140 523657 524634 522189 524582 524922 523123 523574 521350 522313 522459 523975 525214 524266 522957 523292 523964 523622 524349 
521315 525693 523541 525161 523638 520665 520185 521760 522672 524697 524317 523899 523460 523293 523432 523213 516732 523386 524762 522225 524216 514639 515306 521345 524193 523803 525306 524710 524018 523278 523471 523142 522831 523710 524515 523802 523160 520550 521992 523055 523352 524564 524872 523930 524725 524831 523627 523693 519407 524212 523074 524626 524001 518613 521224 519700 523357 525140 524095 524437 523714 524106 523962 524330 
525344 523432 522663 522842 523500 522773 522594 523287 523915 524610 524008 524327 523654 524452 524147 524084 524112 521932 521815 523506 521239 524746 524151 524773 524693 524409 524457 524505 524735 524213 524258 524386 523924 523886 523292 523794 523547 523742 524941 524214 524413 524834 524181 524633 524067 524341 523989 525525 524355 521090 522874 521863 521876 523368 524042 523399 524110 524354 523780 524503 523042 523691 524505 525574 
524138 523655 523444 523460 522914 525658 523994 524547 524662 523961 525969 524188 523924 523792 524211 523043 525085 524944 523316 523784 524444 524520 522693 523587 524539 524450 525289 524119 524057 523104 525385 524337 524275 524135 524504 525014 524725 524596 524246 524714 524923 523304 523373 524735 524524 523534 524098 524112 525778 522582 522969 523514 523709 523611 523549 523552 523690 524886 523982 524877 523850 524175 523939 524428 
524414 521102 521944 522921 521228 524221 523342 522587 523265 523451 523771 525161 523337 524722 524325 524478 524706 521225 521594 523177 521111 524593 524841 523987 523326 523634 524436 524108 524000 525290 524246 523738 524149 522737 523675 523850 522936 524065 524225 524343 524012 524233 524073 524900 523434 524334 524690 523684 523911 520713 522513 523222 521386 525081 524486 523873 523667 523374 523752 524274 524265 523718 524786 524174 
524109 520836 520297 521058 522481 524511 523913 525420 524667 522204 523634 523895 523831 524771 525670 524115 523895 513711 516209 523022 516140 523957 524704 520915 523807 523634 523842 523229 524206 525321 524067 523916 524725 520336 522160 521817 522967 525028 524025 524880 524200 524317 524394 524216 523982 523967 524270 524641 523679 519034 519953 519971 518772 525369 522879 523731 524718 524050 524652 523898 524126 523916 524244 523584 
524492 524677 524296 524484 524186 524197 523223 524310 523517 524053 523062 524987 524649 524478 523919 523977 523836 523940 524271 523653 522972 524114 524224 524954 524787 524737 524037 523733 525261 523964 523730 524983 524098 524278 524115 524396 524210 524378 524570 523708 524652 524652 524397 523822 523204 523951 524777 524165 522889 524792 523555 524798 522879 522229 524002 523441 524405 524207 524553 526011 524103 524392 524040 524576 
524050 523484 525234 524737 522943 523357 524446 523691 524450 524652 524275 523683 524003 524232 524373 523699 524521 523575 523165 523914 524462 525414 524892 523897 523807 524403 524931 524722 524192 524937 524208 523391 522961 524422 524059 524316 524060 525028 523906 524431 524304 524481 523400 524106 524167 524280 524219 523478 522517 523864 524579 524248 524501 523111 523863 522769 524004 524325 524232 524687 524656 524062 523308 524394 
523459 524358 524089 524089 523802 524872 523364 524064 524512 523659 524017 523779 524257 525330 523877 523119 524593 524410 523716 524250 523536 524138 523307 524521 524454 523003 523225 524190 524161 524239 523194 523910 523259 524524 524386 524590 524334 524170 523683 523883 524570 522359 524794 525570 524099 524494 524565 524318 522888 523338 523709 523947 524239 522186 523209 523403 524779 523969 524120 524844 523823 523565 524157 523454 
523220 523658 524230 523382 524549 523436 523364 524156 524459 524528 525037 523749 524815 525064 523654 524267 523362 522928 524666 523388 523973 522504 523932 523481 524409 524948 524307 525049 524721 523697 524250 523641 524087 524361 524366 523930 524549 524937 523232 524524 524688 523881 525212 524669 524751 524528 524190 523612 521454 524354 523903 525530 523962 521734 522776 521783 524268 524468 525250 523921 524184 523844 523832 523632 
524054 524248 523528 523098 524567 524972 523400 524791 524327 524715 524778 523698 524251 524185 525105 523945 524114 524733 524319 523603 523878 524501 524169 524857 524153 524111 523681 524455 523664 523790 524444 524537 523849 524444 523741 523847 524824 524721 524806 523950 524383 524034 525050 524262 524898 525324 524499 523782 524087 522760 523835 523152 523479 524983 523692 524057 523779 525083 524255 524555 525032 523936 523925 524255 
524104 524134 524086 524008 523683 524050 524947 523836 524017 523902 524181 524998 523365 524278 524421 523858 524862 523149 524241 524530 524400 523971 524116 524539 523281 525174 523996 523964 523647 525232 524057 524134 524883 523887 525037 524519 525143 524378 523922 523886 523297 523704 523651 524271 524398 525004 523772 524543 524565 523713 523323 523289 523852 524702 523868 523954 523925 524085 525013 524012 525169 524545 524355 524531 
525271 523156 523619 524239 524787 524603 523749 524628 525648 524190 525161 524130 523753 524696 523774 525254 524509 523248 523116 523727 523667 523960 524481 524656 524508 524292 523736 524126 524040 524803 524613 524409 523651 523785 524245 523761 523947 522998 524816 524141 524554 524531 523583 524561 524372 523761 524764 524160 525184 521938 522583 522700 522991 524133 523385 525171 524049 523098 523807 524094 524524 524019 524252 525657 
524796 522848 523169 523305 523269 525288 524476 525475 524564 524871 524623 524055 524701 523637 523717 524276 524709 523201 524563 523268 523656 524297 523909 524049 524052 524798 522911 524169 523745 523868 523752 523974 524799 523710 524666 524209 524227 525019 524275 523899 523860 524195 524105 523630 524354 524313 524212 524735 524000 522281 522593 523116 522780 523821 524336 524238 524381 523792 523948 523693 524357 523974 523577 524091 
522860 524205 525083 525615 523565 521316 522328 523395 524210 524130 524691 525428 524930 523209 523685 523672 523185 523604 524013 524024 524872 523211 522556 523000 523444 524424 524818 523073 524605 524726 523175 523815 522088 524376 524105 523886 525485 521325 522975 522459 523717 523778 523876 524233 525018 523768 523832 524372 523475 523837 523247 523712 524680 523267 523418 524482 524944 523409 524214 523532 524948 523843 524314 525082 
524976 525051 523271 523977 524834 523795 524143 522845 525743 523447 523275 524248 523379 523804 524193 524187 523489 524373 524381 525062 524177 522996 523276 523068 524378 523713 523383 525076 524759 524625 524274 525356 523227 523929 523792 522593 525465 523513 523618 522668 524756 524814 524358 523815 524217 524470 523392 523739 523998 524704 523468 525066 524116 523782 524093 523407 522722 524646 524318 524677 524025 524096 523491 523373 
522230 524050 524869 523424 525569 522364 520412 522660 523626 525077 525078 524663 524207 524951 523935 524206 521862 524668 523482 524139 525415 520204 521106 522631 524329 525475 523828 524234 524913 523443 523453 522867 521030 523701 523740 524138 524295 521121 521410 522078 523917 523735 524631 523853 524580 523575 524195 524169 523985 524251 523600 524058 524389 523059 523454 523143 523978 524204 523502 523559 523680 523278 525236 524865 
516449 524110 524882 521767 524919 513582 514838 521864 523334 524386 524462 523744 523413 524088 523378 524005 521261 525282 523322 525498 523236 520970 520270 521541 523344 523718 523662 523985 525020 524341 523332 523645 518975 524354 523948 525257 524064 518297 520466 519974 524229 524902 523917 523955 524111 523521 524519 523028 522596 523670 524097 523875 524788 520335 521888 523140 524245 524763 524123 524192 524056 523164 524340 524304 
523270 521808 521737 522652 522169 524358 523929 525307 524629 524320 524144 524484 523958 523897 524134 524011 524445 523726 522890 523818 523390 523728 523788 523623 524862 524415 524075 522804 524109 524168 524102 524567 524308 521446 522119 522459 522707 524221 524290 523553 525046 523394 523898 524352 523974 524252 524168 525643 523992 523412 522822 524374 523251 524250 524272 524741 524684 523938 524895 523466 523992 524481 523443 523652 
525225 524953 523472 522809 523470 524976 522470 524346 524868 525048 524790 523623 523982 524236 524851 523247 523518 522653 522474 523962 523856 524532 523565 523557 524393 522960 523625 525530 524914 524126 523108 524525 525610 522972 523273 523149 523942 523409 522213 523681 524428 524643 523854 523300 524764 524146 524397 523688 524218 524395 524590 524074 524541 523665 523826 525089 525313 523290 523972 524126 524707 524492 524520 524601 
524760 521469 520828 522173 521473 524678 525184 523784 524283 523685 524658 523301 523730 524109 523832 524954 524573 520294 520795 523553 521075 523909 523085 523558 524753 523133 523334 523993 524086 524351 523607 524421 523873 522088 522007 521962 521848 524307 523134 524512 524603 524283 524736 524364 524728 524548 523898 524380 524334 522814 523676 522830 523364 524160 524276 523221 524576 524051 524033 524949 524364 523959 525110 524276 
524813 515144 515933 520962 515818 525037 523856 521540 523980 523788 523340 524632 523745 524130 524342 524403 524819 520502 520681 522078 521126 524843 523293 524110 524128 523418 523685 523552 523083 524411 523692 523539 523696 518397 519929 519641 520097 524675 523408 523865 523996 523029 523316 524163 524128 524224 524048 525527 525102 520274 522626 522995 522367 524436 523396 524703 523539 524698 524014 523230 523910 524147 524944 525287 
524098 524253 523471 524748 524099 524036 523419 523653 524720 523914 525424 523648 525400 524868 524517 524420 523674 523774 523666 523692 524023 524732 523462 523862 524315 524045 524221 524189 524787 524882 524240 524849 523089 523775 524527 524397 523159 523481 523351 523444 525303 523354 524719 524753 524632 524415 524658 524731 524768 524456 523981 525068 523876 523755 523500 524165 524166 524636 524129 523817 525137 524533 525245 524617 
524737 524054 523424 525234 524037 524413 524426 523179 524406 524729 524214 524805 524463 523940 524781 523668 523961 524686 524332 525002 523893 523343 523997 524335 524049 524438 524784 523833 524780 523652 524508 524464 523311 524218 524439 524490 523974 523221 524207 523047 524561 523223 525341 524389 523787 524320 524531 523974 524651 524842 525407 524174 524703 524086 524518 524076 523935 524577 525009 524919 523997 523792 523817 524771 
523822 524255 524607 524654 525205 523932 522589 523996 524574 524398 524353 523803 524355 523832 523962 524814 523737 523595 523898 523917 523616 523216 524464 523846 523275 523467 524679 524411 524449 524945 524289 523782 522893 524358 524273 524086 524250 522668 522241 523020 523511 524229 524407 524496 523623 524464 524177 523294 523604 524130 524330 524183 523740 523909 524655 523155 523851 523306 523936 523929 524878 524745 524398 524049 
523242 524522 524894 523149 523711 523680 523447 523637 524235 524221 524652 523898 524823 524741 525480 524526 523343 524664 523643 524919 524497 523225 523707 523540 524422 524461 524705 524693 524049 523505 524348 524383 521996 524100 524341 524706 525013 521143 521462 521516 523886 522621 524058 523719 524747 524202 524327 524124 524146 524363 523943 523586 524568 524084 523548 523485 524672 523858 524158 524216 524144 524094 525023 523404 
525087 524466 523565 524554 523509 523256 524733 523564 524218 523428 524181 524053 524273 523699 524304 523869 524011 523344 523326 523697 523831 523288 523850 523816 523757 524394 523578 524111 524221 524965 523380 524040 523969 522988 523492 523513 523625 523769 524152 524060 525021 524033 524583 523692 524040 523885 524500 523766 523877 523613 524672 524337 524120 524691 524575 524635 524459 524458 525038 523930 525107 524663 523705 524162 
524462 525104 523856 524141 524342 524053 524389 524451 523983 524139 523455 523768 524788 524415 524571 524529 523764 523442 523593 523826 524369 524683 525503 524472 523868 524038 524718 524161 524138 523887 525431 525028 524722 524239 523386 522841 524321 524643 523905 524115 524709 524521 524227 523413 524445 524034 524490 523880 524512 523711 525295 525497 523842 524537 524003 524650 524477 524220 524099 524569 524253 524508 525110 524047 
524489 523860 524919 524286 523568 524839 524326 524875 524490 524206 524349 525187 525199 524287 524411 523880 524480 523884 523280 524257 524094 522982 524020 523368 524148 523343 523632 523970 524041 524854 524545 523826 523864 522189 522470 522489 522117 523683 524247 523257 524560 523837 524398 524180 524956 524756 523860 524436 524062 522632 523894 524219 524669 524812 523906 523989 524147 524004 523624 523532 523854 524548 523712 524129 
523999 524137 522386 524258 523741 523941 524819 524084 524622 524046 524628 523280 525133 524101 524490 524722 524308 523959 522907 522985 524240 523410 524133 524515 524094 523977 524406 523778 524313 523946 524482 524464 524406 520559 522458 522120 521083 523567 524131 524356 524606 523193 523881 524787 524133 524747 524461 523494 524428 523907 523849 524123 523656 523732 524296 524650 524621 524668 524464 523961 524287 524169 524978 524589 
523937 523996 523754 524074 524612 523581 522959 523867 523627 524675 524715 524259 524284 524554 523918 524362 521841 522839 524335 524429 524883 522481 523270 521661 524433 524889 524521 524046 524530 524021 524130 525204 522716 522997 522277 523427 524915 522611 523129 523033 524689 524438 524421 522922 523863 524000 524057 524458 523228 524457 524211 524900 524435 521958 521851 523031 524002 524373 524570 524277 524664 524449 524338 524297 
523762 523970 525195 524184 524946 525123 524369 523965 523820 523594 522941 524337 524391 523592 524965 524455 523957 523461 522599 522979 525245 522815 523962 524296 524281 524436 524608 524698 523775 524292 524483 523480 524050 524782 524004 523595 524467 522915 522710 523936 524291 523812 524064 525060 524117 523448 524121 524212 524286 524793 521116 524203 524338 524692 523515 523394 523927 524377 524056 524278 523934 524120 524356 525407 
524280 524003 524897 525084 524572 522376 523790 524351 523433 524290 523830 523908 523735 524002 524487 523531 522260 525263 523971 523971 524518 521029 522244 522151 524539 524782 524740 523829 524015 524187 523832 524327 520700 523616 523926 524727 525531 521236 521032 523301 523415 524759 524030 524609 525118 524217 523979 524426 522149 523900 525199 523721 524104 521155 520881 521603 523718 524839 524250 523577 523301 523369 524106 523756 
522459 523716 524513 524821 524440 520115 521037 523557 524162 524275 524585 524824 524501 523536 523682 524523 518428 524463 525043 523987 524113 518483 520131 519131 523589 523445 524496 525412 524714 523219 523890 524331 519992 523859 524556 524088 524533 521874 521089 521194 523053 525209 525179 524240 523693 523990 523885 524307 515800 523876 524599 521483 523309 514387 515433 522046 523630 524973 525242 524477 524540 524282 523947 523581 
524132 523682 523084 524571 524345 524465 524844 524760 524921 523897 524970 524674 524291 524936 524487 524263 524057 521796 522135 522986 522007 524349 524261 524430 523401 524089 524776 524100 524467 523441 523415 525180 524754 523428 522168 522832 523612 523735 523738 523244 523763 524853 524254 524509 523982 524090 523348 523484 524013 522405 522228 522756 522117 524222 523932 523860 524192 524122 523933 524436 523893 523450 524693 523800 
523819 524610 524236 524874 523102 524030 524057 524209 523638 523596 523700 524484 525883 524401 523742 525043 524912 522536 524129 523158 523063 524249 523238 524000 524712 524527 524546 524594 524703 524248 524356 523900 524677 523284 523565 524594 523408 524799 523582 524250 524171 524450 524255 523578 523112 525361 523955 524964 525332 524753 524728 523657 524328 524662 522405 524950 525503 525050 523891 524351 524043 523980 524198 524343 
524257 522828 523664 524042 524256 524536 524310 524931 524810 523856 524036 523680 524107 523746 523993 524322 524427 521647 522279 521976 521618 524452 524422 524061 524135 523323 524625 524092 525136 523485 523993 524665 524906 520319 520955 522976 520564 525044 523627 524488 524652 523122 523772 524028 523441 524744 523389 524835 525049 520375 521686 522441 519576 524911 525427 524161 523610 523965 524554 523395 523609 524110 525066 524886 
524508 520391 522651 523763 521821 524472 523722 524117 523925 523822 524365 524853 524485 524092 525288 524313 523699 518117 520752 519326 519236 524906 524143 523936 524353 522811 523806 523365 523672 523863 524173 524151 524844 520773 521006 522518 521053 524886 522805 525114 524451 523147 523415 524229 523479 524372 524618 524150 524119 513094 515692 521969 516716 524217 524595 522411 524732 524487 523894 523423 523914 523806 524827 525031 
524106 524381 524122 523185 524783 524211 523866 524155 524151 522933 524404 522472 524767 523609 524062 523458 522840 524256 524072 524754 524422 523014 522847 522652 524225 525140 524510 523222 524258 524426 523690 524058 523420 525894 523119 525092 524110 523636 524285 524319 523804 524460 523706 523764 524331 524017 523949 524887 523896 523678 524067 524116 524952 524599 523408 523867 524380 524907 524991 525105 524234 524591 524629 523615 
523600 525263 524318 524036 524566 525084 524198 524249 524118 524148 523951 524486 523996 524194 524363 524244 522781 524263 524163 525053 524058 523198 523616 523423 524127 523713 523956 523915 525295 523917 523904 524480 524006 525092 524596 523420 523201 524267 524225 524055 524436 523936 523694 524479 524522 523771 523885 524799 523616 524558 524800 524422 524374 524760 524096 525017 523903 523864 524660 524011 524162 524689 524018 524542 
523775 524031 524341 525119 524218 523217 523651 524288 523256 524237 523969 524425 524224 523915 524359 524280 522746 524518 524177 524090 524621 521806 522520 521294 524193 524270 524261 524387 525098 524828 524154 524080 524168 523718 523852 523851 524407 524370 523893 524461 523688 524620 524214 524653 524561 524754 524662 523924 524870 525031 523777 524015 523895 523010 524739 523805 524136 524336 523519 524948 524360 524506 524959 524651 
524420 524320 524440 524206 525095 523961 524177 524725 524550 524772 524331 524082 523867 524457 524393 524211 521812 524020 524477 523661 524256 521556 521975 521648 524612 524041 524027 524008 523103 524734 524350 524015 523636 524382 523308 523855 523358 522836 522680 524035 524307 523985 524584 523694 524410 524615 524630 524385 523865 524629 524298 523900 524702 522520 522648 523950 524561 525293 524118 524013 524338 523838 524201 523998 
524042 523765 524347 523345 524710 523935 524261 524260 523639 523865 523235 525208 524580 524146 524021 524243 524251 522198 522612 523497 523181 524559 525199 524362 524281 523205 524200 524240 524376 523824 524366 524449 524813 524328 523826 524159 524362 524738 524441 525272 524392 524677 524186 523637 524395 524007 524524 523613 524492 523501 524176 524230 524612 523219 523658 524734 523206 523505 524369 524078 525287 524722 524943 524754 
524144 523904 523872 522953 523971 524717 523827 524655 524443 524032 524054 524864 523307 524413 524447 524168 524549 523646 523491 522421 523559 523621 524267 523739 523902 523212 524634 524122 524728 524861 524778 524223 524402 524293 524227 523282 523835 524519 523904 523555 525405 523761 524599 524452 524107 524125 523943 523465 524321 524864 525116 523961 524353 524635 523435 524762 524381 525112 524709 524370 524911 524640 524847 524963 
523452 523571 523388 523457 523869 524303 524208 523521 524369 524248 524931 524579 524915 524139 524535 523783 524470 522091 523297 523447 522459 523630 524285 524360 524926 523600 524328 524284 524548 524391 524431 524434 523624 524261 523653 523546 523941 523668 524617 524163 524371 524283 523785 524962 524747 524745 524174 524720 524408 522866 524206 523745 524414 524650 524041 524023 523996 524447 524110 523510 524182 524841 524485 524870 
524144 524406 523293 524492 524430 523545 523776 524310 525105 524299 523536 526087 524565 524666 523086 524038 523784 521481 522259 521901 521203 524129 524982 523639 524741 523327 524247 524190 523135 524340 524671 523811 524367 524083 524880 522754 523214 523931 524068 523957 524404 524652 523334 524251 523869 524710 523349 524258 524740 522957 523619 523427 523137 524605 524884 524749 525133 524324 523688 525191 524550 524323 524230 524397 
